1,Chair,[443, 175, 632, 469]
2,chair,[37, 76, 246, 405]
3,CHAIR,[364, 146, 590, 441]
4,chair,[179, 241, 440, 459]
5,chair,[490, 186, 681, 530]
6,Chair,[265, 76, 452, 425]
7,chair,[371, 205, 618, 530]
8,Cabinet,[0, 111, 170, 284]
9,Mug,[375, 287, 423, 336]
10,chair,[63, 174, 263, 401]
11,notebook,[582, 485, 722, 530]
12,door,[146, 0, 380, 354]
13,Floorlamp,[0, 0, 51, 260]
14,chairs,[0, 0, 404, 441]
15,chair,[201, 166, 434, 443]
16,CHAIR,[98, 70, 307, 347]
17,MUG,[394, 365, 459, 439]
18,chair,[321, 129, 577, 454]
19,book,[375, 52, 459, 73]
20,filecabinet,[2, 81, 528, 518]
21,chair3,[358, 180, 569, 441]
22,door,[91, 0, 215, 197]
23,BOOK,[372, 227, 454, 262]
24,Lamp,[633, 131, 680, 248]
25,Chair,[442, 181, 649, 410]
26,chair,[146, 189, 368, 509]
28,chair,[343, 164, 535, 396]
29,cushionchair,[7, 213, 252, 529]
30,door,[48, 0, 145, 95]
31,DoorPushBar,[0, 0, 223, 426]
32,chair,[304, 106, 609, 529]
33,chair,[357, 237, 506, 457]
34,chair,[49, 107, 233, 403]
35,door,[634, 3, 730, 523]
36,chair,[107, 200, 429, 526]
37,Chair,[527, 172, 642, 482]
38,doorway,[267, 0, 394, 399]
39,chair,[0, 104, 163, 332]
40,chair,[0, 124, 206, 455]
41,cabinet,[0, 229, 244, 530]
42,Chair,[221, 98, 243, 130]
43,CHAIR,[273, 130, 534, 415]
44,armchair,[304, 223, 574, 501]
45,door,[396, 0, 542, 211]
46,chair,[240, 159, 416, 491]
47,chair,[43, 219, 299, 530]
48,Counter/Cabinets,[54, 230, 437, 530]
49,Lamp,[0, 2, 65, 158]
50,Book,[3, 0, 459, 277]
51,mug,[519, 289, 560, 335]
52,mug,[332, 235, 365, 273]
53,Chair,[360, 156, 673, 531]
54,chair,[511, 325, 591, 441]
55,chair,[315, 330, 507, 435]
56,Chair,[239, 203, 418, 504]
57,bedsidelamp,[0, 74, 55, 369]
58,chair,[191, 245, 423, 501]
59,chair,[452, 299, 674, 503]
60,tablelamp,[622, 0, 681, 46]
61,DOOR,[62, 0, 214, 134]
62,book,[51, 201, 151, 298]
63,MUG,[177, 104, 260, 168]
64,cabinet,[248, 212, 730, 529]
65,chair,[215, 9, 273, 110]
66,cabinet,[43, 106, 92, 199]
67,chair,[186, 154, 457, 526]
68,Door,[0, 0, 337, 427]
69,mug,[519, 289, 560, 335]
70,Book,[454, 113, 535, 146]
71,lamp,[152, 200, 248, 373]
72,bookcase,[33, 0, 283, 514]
73,chairwithbuiltindesk,[89, 175, 557, 524]
74,cabinetdrawer,[87, 205, 348, 465]
75,Cabinet,[436, 40, 491, 131]
76,mug,[234, 0, 282, 36]
77,Chairleg,[475, 79, 650, 264]
78,chair,[511, 325, 591, 441]
79,books,[149, 348, 249, 441]
80,chair,[442, 150, 730, 530]
81,Chair,[22, 140, 270, 485]
82,chairs,[0, 157, 468, 529]
83,Chair,[305, 185, 508, 426]
84,Cabinet,[0, 111, 170, 284]
85,chair,[0, 144, 358, 432]
86,chair1,[466, 126, 616, 352]
87,filecabinet,[228, 129, 479, 457]
88,glassdoor,[0, 0, 272, 439]
89,CHAIR,[32, 233, 257, 441]
90,Chair,[248, 96, 510, 520]
91,chair,[465, 208, 662, 440]
92,mug,[574, 61, 648, 118]
93,lampleg,[666, 77, 730, 314]
94,chair,[265, 201, 414, 464]
95,Chair,[501, 145, 680, 531]
96,door,[0, 72, 139, 367]
97,Lamp,[69, 60, 209, 155]
98,cabinetknob,[14, 318, 233, 530]
99,door,[66, 20, 205, 325]
100,RollingChair,[16, 187, 249, 522]
101,chair,[0, 254, 210, 427]
112,chair,[357, 189, 561, 441]
