1,Chair,[445, 178, 628, 460]
2,chair,[586, 268, 794, 515]
3,CHAIR,[367, 142, 632, 437]
4,chair,[185, 239, 439, 455]
5,chair,[111, 99, 242, 283]
6,Chair,[267, 86, 443, 427]
7,chair,[370, 213, 612, 530]
8,Cabinet,[-7, 105, 168, 269]
9,Mug,[373, 287, 423, 337]
10,chair,[259, 228, 446, 459]
11,notebook,[586, 486, 735, 535]
12,door,[156, -13, 375, 348]
13,Floorlamp,[-56, -5, 41, 268]
14,chairs,[-11, 313, 43, 465]
15,chair,[206, 172, 431, 446]
16,CHAIR,[336, 287, 565, 519]
17,MUG,[395, 365, 458, 440]
18,chair,[323, 130, 578, 453]
19,book,[374, 56, 460, 71]
20,filecabinet,[-29, 93, 543, 522]
21,chair3,[29, 314, 225, 465]
22,door,[93, -4, 215, 199]
23,BOOK,[372, 230, 453, 260]
24,Lamp,[636, 132, 681, 239]
25,Chair,[627, 198, 835, 489]
26,chair,[145, 194, 366, 508]
27,lamp,[609, 325, 630, 398]
28,chair,[351, 169, 534, 393]
29,cushionchair,[500, 241, 706, 529]
30,door,[49, -2, 146, 98]
31,DoorPushBar,[-85, 86, 192, 158]
32,chair,[313, 118, 595, 529]
33,chair,[-22, 403, 200, 531]
34,chair,[30, 105, 230, 406]
35,door,[629, -6, 843, 525]
36,chair,[185, 211, 418, 435]
37,Chair,[532, 174, 637, 483]
38,doorway,[-41, -40, 77, 387]
39,chair,[344, 156, 398, 201]
40,chair,[558, 278, 848, 526]
41,cabinet,[-60, 293, 233, 523]
42,Chair,[220, 100, 242, 126]
43,CHAIR,[135, 257, 228, 313]
44,armchair,[308, 228, 571, 508]
45,door,[499, -13, 631, 262]
46,chair,[473, 74, 544, 131]
47,chair,[48, 222, 294, 528]
48,Counter/Cabinets,[52, 228, 431, 528]
49,Lamp,[-42, 3, 64, 152]
50,Book,[42, 211, 101, 241]
51,mug,[520, 291, 566, 333]
52,mug,[398, 202, 417, 225]
53,Chair,[367, 169, 665, 533]
54,chair,[513, 325, 630, 465]
55,chair,[322, 327, 507, 433]
56,Chair,[243, 207, 415, 497]
57,bedsidelamp,[329, 121, 393, 232]
58,chair,[-77, 227, 222, 455]
59,chair,[452, 302, 673, 502]
60,tablelamp,[622, -5, 784, 66]
61,DOOR,[361, 5, 380, 62]
62,book,[51, 202, 151, 295]
63,MUG,[182, 105, 260, 165]
64,cabinet,[281, -37, 844, 52]
65,chair,[363, 168, 472, 204]
66,cabinet,[45, 105, 92, 198]
67,chair,[191, 162, 455, 527]
68,Door,[-42, -45, 324, 434]
69,mug,[520, 291, 566, 333]
70,Book,[458, 116, 530, 142]
71,lamp,[153, 205, 247, 370]
72,bookcase,[34, -4, 275, 502]
73,chairwithbuiltindesk,[96, 181, 555, 527]
74,cabinetdrawer,[97, 208, 335, 318.5999756]
75,Cabinet,[68.5, 157.6000061, 148.5, 257.6000061]
76,mug,[231, -9, 282, 35]
77,Chairleg,[-6, 298, 8, 392]
78,chair,[513, 325, 630, 465]
79,books,[143, 351, 249, 456]
80,chair,[454, 166, 765, 533]
81,Chair,[23, 148, 272, 480]
82,chairs,[-138, 387, 122, 533]
83,Chair,[25, 102, 86, 192]
84,Cabinet,[-7, 105, 168, 269]
85,chair,[309, 488, 586, 532]
86,chair1,[464, 131, 611, 346]
87,filecabinet,[231, 132, 481, 451]
88,glassdoor,[-8, -19, 262, 460]
89,CHAIR,[30, 236, 257, 471]
90,Chair,[253, 104, 505, 525]
91,chair,[468, 212, 660, 437]
92,mug,[576, 61, 651, 120]
93,lampleg,[694, 192, 716, 220]
94,chair,[272, 200, 409, 459]
95,Chair,[511, 70.28409301, 819, 535]
96,door,[6, 81, 136, 351]
97,Lamp,[371.0416667, 395, 511, 411.3333333]
98,cabinetknob,[215, 326, 229, 335]
99,door,[70, 17, 203, 320]
100,RollingChair,[14, 189, 249, 529]
101,chair,[]
102,mug,[]
103,mug,[]
104,book,[]
105,door,[]
106,door,[]
107,mug,[]
108,chair,[]
109,mug,[]
110,lamp,[]
111,mug,[]
112,chair,[]
113,book,[]
114,lamp,[]
115,door,[]
116,book,[]
117,mug,[]
118,mug,[]
119,mug,[]
120,lamp,[]
121,book,[]
122,cabinet,[]
123,cabinet,[]
124,lamp,[]
125,book,[]
